825
1496
2813
4073
4450
5304
6388
6857
7668
8938
9348
10418
11710
12244
13182
13800
14067
14951
16108
17049
18095
18311
18800
19518
20853
21618
22322
23159
23577
24378
24744
25115
25685
26185
27201
28439
28969
29410
30359
31141
31473
32226
33011
33504
33772
34405
35076
35469
35968
36718
37262
38120
38943
39861
40740
41799
42154
42376
43033
43852
44589
45192
46099
46823
48443
48970
49250
50203
51075
52408
52869
53672
54149
55375
56230
56940
57471
58759
59362
59637
60176
60834
61553
61902
62519
63275
64500
65101
65480
65944
66801
67892
68839
69552
70509
71240
71768
72068
72453
72763
72984
73745
74460
74967
75524
76474
77430
78274
79038
80070
80944
81259
81928
82412
83437
84071
84553
85019
85620
86723
87385
87972
88542
88941
89676
90206
90777
91328
92242
92668
92979
94087
94513
95658
95938
96527
97071
98089
99144
99685
100456
101299
102678
103508
103968
104907
105700
106347
107269
107896
108869
109598
110371
110928
111836
112292
112712
113133
113759
114753
115574
116272
116753
117292
118033
119030
119513
119799
120144
120599
120880
121614
122561
122893
123416
124257
124900
125721
126436
127664
128089
128960
129750
130720
131588
132301
132881
133173
133843
134813
135443
136201
136323
137468
137615
137804
138319
138887
139493
140498
141174
141780
142304
142666
143632
144174
144852
145457
146501
146788
147453
148474
149001
149550
149989
150281
150513
150892
151387
152117
152301
152732
153097
153948
154343
155125
155636
155944
156468
157231
157863
158452
159250
159843
160386
161094
161443
162131
162489
162951
163372
163672
164167
164690
165390
165715
165942
166556
167018
167299
167672
168408
168906
169401
169951
170371
170640
170912
171768
172354
172633
172871
173107
173616
174321
174896
175192
175876
176277
177007
177400
178199
178535
179152
179870
180444
180831
181194
181376
181772
182716
183314
183573
184023
184683
185401
186008
186466
186841
187267
187555
188097
188439
188805
189077
189614
189923
190140
190615
190692
191045
191352
192016
192446
193057
193318
193537
193948
194218
194411
195047
195229
195416
195662
196078
196954
197074
197398
197606
198145
198682
199211
199825
200138
200445
200828
201312
201716
202234
202602
202775
203083
203376
203555
203848
204491
204943
205781
206047
206449
206773
207031
207281
207685
207933
208132
208501
208864
209006
209228
209436
210163
210374
210671
211029
211334
211432
211838
212437
212830
213005
213240
213444
213700
213739
214158
214493
214831
214995
215413
215511
215820
215941
216346
216772
217122
217617
217891
218389
218695
218817
219079
219356
219728
219818
220287
220557
220691
220928
221506
221916
222226
222499
222834
223060
223345
223640
223787
224307
224389
224892
225099
225203
225568
225854
226041
226233
226258
226361
226691
226917
227033
227262
227358
227540
227596
227801
227988
228104
228334
228616
228920
229082
229227
229529
229730
229907
230081
230233
230449
230727
230930
231127
231275
231342
231466
231630
231741
231909
232195
232402
232668
233123
233189
233288
233426
233582
233854
233979
234294
234526
234728
234880
235238
235452
235506
235600
235701
235821
235877
236172
236338
236494
236574
236861
236906
237110
237188
237293
237364
237435
237521
237648
237758
237894
237992
238103
238224
238477
238547
238717
238798
238922
239071
239123
239231
239383
239538
239660
239761
239914
240024
240196
240254
240389
240485
240611
240763
240863
241031
241115
241194
241383
241490
241631
241724
241796
241862
241915
242112
242254
242414
242533
242648
242796
242859
243103
243225
243299
243382
243460
243571
243592
243717
243867
243947
244103
244198
244312
244483
244674
244755
244864
244931
245068
245248
245289
245395
245541
245670
245700
245791
245868
245938
246025
246077
246130
246270
246470
246597
246644
246693
246809
246875
246916
247006
247094
247187
247233
247354
247465
247577
247674
247811
247881
247911
248003
248067
248119
248171
248273
248383
248450
248539
248645
248679
248742
248793
248866
248915
249014
249168
249206
249298
249374
249442
249574
249665
249768
249815
249881
249945
250024
250069
250140
250155
250235
250287
250331
250483
250528
250571
250629
250680
250817
250961
251034
251089
251180
251233
251317
251385
251452
251494
251535
251577
251653
251693
251748
251818
251875
251937
251984
252030
252126
252207
252266
252374
252408
252471
252490
252574
252609
252648
252705
252736
252766
252817
252867
252885
252933
252974
253003
253049
253115
253148
253216
253282
253316
253369
253401
253436
253483
253536
253561
253611
253653
253683
253720
253741
253764
253791
253816
253864
253922
253988
254020
254072
254110
254139
254168
254202
254233
254282
254305
254357
254407
254458
254479
254522
254548
254570
254600
254631
254655
254672
254715
254755
254791
254818
254833
254876
254896
254918
254954
254972
254991
255016
255047
255083
255115
255146
255179
255210
255232
255263
255288
255315
255334
255350
255384
255406
255427
255449
255471
255504
255522
255546
255565
255581
255618
255639
255668
255692
255720
255737
255762
255788
255806
255823
255844
255859
255880
255902
255919
255936
255951
255969
255987
256011
256026
256041
256056
256072
